File created by Karolinne Coelho
129 64
-1.00000000066504	1.00000000061219
-1.00000000066504	0.766933141852739
-0.735005120471159	1.00000000061219
-0.475410129929611	1.00000000061309
-0.736332396516963	0.780981501839232
-0.782379075356959	0.744029568865196
-0.781221799880757	0.519209712697753
-1.00000000053411	0.49399725719115
-1.00000000052608	0.262426082516971
-0.541135369170282	0.728326781806262
-0.474169545722509	0.774401225592284
-0.208402485813143	1.00000000061309
-0.324488025494674	0.728856184313994
-0.199974102161829	0.820126143834824
-0.718092945173387	0.469148427375561
-0.552400304065036	0.5440625846081
-0.71329860700107	0.356053568545006
-0.823700026675784	0.24304332912538
-1.00000000052608	-0.0236986990476765
-0.819969875055323	-0.0187529430103175
-0.754314928466391	0.0798603590337025
-1.0000000005631	-0.287118484965348
-1.00000000060749	-0.541688470659252
-1.00000000062934	-0.779074643771702
-1.00000000062934	-1.00000000055159
-0.285772796724285	0.534259393261161
-0.421880164583998	0.461109156157088
0.0969309129556166	1.00000000056487
-0.0504204284755275	0.735824293036196
0.0951072307762623	0.849051540485556
-0.206925702820869	0.505782594139271
-0.0413425106051663	0.628003928089024
0.403727511778761	1.00000000056487
-0.437800629556789	0.291711941545287
-0.586794758913921	0.0879152783381476
-0.534375374908098	0.248253245458684
-0.738583703342191	-0.170350546589973
-0.814112249539145	-0.284120788025037
-0.516698727745696	-0.00908661389466368
-0.597712843691953	-0.168906923995575
-0.730224740983432	-0.44443789306374
-0.798690439005896	-0.537925268119852
-0.728186782826213	-0.731441390457123
-0.762479853041821	-0.774523940537016
-0.737806818280879	-1.00000000055159
-0.321184350214324	0.221380550557224
-0.170159595248004	0.276784375848744
-0.139018288001278	0.347162161937832
0.25176475860071	0.728460303501122
0.400372802196317	0.808193161444847
0.23061092457853	0.601295602933583
0.0875612376516779	0.537445658798602
0.0677313234857609	0.378478750399401
0.122522637798508	0.315927959483081
0.515151731549687	0.72869685757333
0.698297148008327	0.795703841696739
0.714478680408571	1.00000000059126
1.00000000072085	1.00000000071252
-0.347612935944458	-0.0135662739151479
-0.323734035450843	0.0105706307879126
-0.514018352714646	-0.287271878021029
-0.603851000163276	-0.440035193859823
-0.391444803858953	-0.288777585311842
-0.314101849454635	-0.207265840589309
-0.511955981473705	-0.561088506304581
-0.570075376476797	-0.715302905463994
-0.489502138834603	-0.804202114795201
-0.510882273840385	-1.00000000054432
-0.107342951254143	0.0070114154737231
0.0636614579567432	0.119142850480334
-0.0490289250147734	0.0973525228812274
0.510715422073799	0.511705050283965
0.363294025035327	0.480759933482772
0.292360787510819	0.313002878869118
0.354250277920036	0.217605603877782
0.208471639784691	0.00942818024168821
0.548999645435385	0.486037992218828
0.800105873304817	0.697987459823851
0.74007823233645	0.515859326234435
1.00000000055515	0.719625678478452
-0.0534162702906093	-0.169224803482712
-0.13464543072165	-0.239690575589318
-0.126321065418297	-0.439374140370078
-0.334723715315558	-0.535308549194039
-0.306051069171419	-0.486735061119551
-0.256272839910363	-0.750970600387997
-0.230128569711985	-1.00000000054432
0.0675093845943802	-0.190035213465433
0.214102071158082	-0.0105608217254081
0.340070992224268	-0.0843623876085492
0.499294905469762	0.180548927999848
0.579399910102614	0.241917393491239
0.514856610847876	0.0085744509610292
0.729434310201083	0.220467833477358
0.847631001626063	0.393317620448559
1.00000000056321	0.392556147443748
0.139661818384044	-0.312360462030279
-0.0350944239178484	-0.499789800210231
0.0385494613170025	-0.483504666672461
-0.0863960815886921	-0.711138943640804
0.0177021651449532	-0.793851861512169
0.00854633557948181	-1.00000000061615
0.292292565929698	-0.329603137264181
0.371857953178352	-0.247975971469121
0.643440162140413	-0.0830953874909662
0.532467634622664	-0.277028533224262
0.702419362868627	-0.07688393850688
0.807534709648521	0.088554687501659
1.00000000062023	0.0811249798359455
0.21281545618637	-0.612934461532948
0.340667706936754	-0.507955073853894
0.208262490310163	-0.719819134634814
0.279506657751863	-0.790783857714203
0.268161483296034	-1.00000000061615
0.474922485487769	-0.543401210674255
0.599521686776603	-0.393006689092742
0.72465024718428	-0.41160974907876
0.830486106311086	-0.211600912948466
1.00000000062023	-0.207110666583803
0.536430911562134	-0.699539803559828
0.497257440349228	-0.756976060124896
0.546483109968644	-1.00000000078661
0.720460490167343	-0.696775942146831
0.784257891955119	-0.489078524998778
1.00000000058058	-0.497773157288324
0.773603181354963	-0.754661799822298
0.736786037340821	-1.00000000078661
1.00000000061449	-0.751059712694599
1.00000000061449	-1.00000000060544
64
 6  41  62  61  40  37  38 
 5  94  108  109  96  95 
 5  22  38  37  20  19 
 5  70  76  75  74  54 
 5  48  53  52  32  31 
 6  64  82  81  69  60  59 
 6  72  77  79  78  56  55 
 7  83  98  99  97  88  81  82 
 5  123  126  128  125  124 
 6  115  120  123  124  117  116 
 5  66  67  86  84  65 
 5  5  10  11  4  3 
 6  9  18  17  15  7  8 
 6  45  68  67  66  43  44 
 6  53  54  74  73  51  52 
 6  26  31  32  29  14  13 
 5  85  83  82  64  63 
 6  40  61  63  64  59  39 
 5  107  118  119  109  108 
 7  81  88  89  76  70  71  69 
 5  2  6  5  3  1 
 6  51  73  72  55  50  49 
 5  30  49  50  33  28 
 6  62  65  84  85  63  61 
 4  25  45  44  24 
 6  17  36  34  27  16  15 
 5  50  55  56  57  33 
 4  114  122  121  113 
 5  14  29  30  28  12 
 5  11  13  14  12  4 
 6  37  40  39  35  21  20 
 6  97  103  104  90  89  88 
 7  74  75  91  92  77  72  73 
 6  32  52  51  49  30  29 
 6  86  100  98  83  85  84 
 5  99  110  111  103  97 
 5  87  102  101  100  86 
 5  117  124  125  119  118 
 4  68  87  86  67 
 5  24  44  43  42  23 
 5  60  69  71  47  46 
 7  112  113  121  120  115  111  110 
 7  35  39  59  60  46  34  36 
 5  79  95  96  80  78 
 4  8  7  6  2 
 5  102  114  113  112  101 
 5  104  106  105  93  90 
 6  16  27  26  13  11  10 
 5  21  35  36  17  18 
 6  7  15  16  10  5  6 
 6  71  70  54  53  48  47 
 5  19  20  21  18  9 
 5  23  42  41  38  22 
 7  93  105  107  108  94  92  91 
 5  56  78  80  58  57 
 6  122  127  126  123  120  121 
 6  106  116  117  118  107  105 
 6  111  115  116  106  104  103 
 4  127  129  128  126 
 7  34  46  47  48  31  26  27 
 6  100  101  112  110  99  98 
 6  76  89  90  93  91  75 
 6  43  66  65  62  41  42 
 5  92  94  95  79  77 
 100
 100
 100
 100
 100
 100
 100
 100
 100
 100
 100
 100
 100
 100
 100
 100
 100
 100
 100
 100
 100
 100
 100
 100
 100
 100
 100
 100
 100
 100
 100
 100
 100
 100
 100
 100
 100
 100
 100
 100
 100
 100
 100
 100
 100
 100
 100
 100
 100
 100
 100
 100
 100
 100
 100
 100
 100
 100
 100
 100
 100
 100
 100
 100
