File created by Karolinne Coelho
33 16
1.00000000110284	0.802803843665788
1.00000000198716	1.00000000093254
1.00000000110284	0.233892763608853
0.270411100712805	1.00000000093254
-0.353765575125113	1.00000000116883
-1.0000000016279	1.00000000115947
0.296814882210286	0.642123464122739
0.543255141162657	0.284345245578647
0.463150672451838	0.525561295776025
0.419829134595425	0.0369339276128883
0.585151526187779	-0.1880719978512
1.00000000133915	-0.143896458799201
1.00000000141637	-0.629799189439143
1.00000000141637	-1.0000000010233
-0.0296374947351385	0.453997999851896
-0.354816734191662	0.636857214062777
-0.548206691296839	0.483493065358931
-1.0000000016279	0.581564042166875
-0.0295366237905338	0.0934507312401228
0.0965719526439917	-0.00734676415559748
0.0542302033260886	-0.454910307273179
0.47445275097241	-0.559539475956986
0.435908932147594	-1.00000000125405
-0.445681043475351	-0.0157839522775624
-0.532649005363383	0.0529622458544063
-1.00000000144117	-0.0114665455453268
-0.43360673770033	-0.419943700787214
-0.0451826055762747	-0.521430765219615
-0.0640797522335477	-1.00000000135214
-0.542067263645631	-0.509173256320633
-1.00000000144117	-0.456176056071167
-0.530562298058899	-1.00000000135214
-1.00000000114341	-1.00000000129662
16
 5  32  29  28  27  30 
 6  31  30  27  24  25  26 
 5  10  11  12  3  8 
 5  21  22  11  10  20 
 5  7  9  1  2  4 
 5  29  23  22  21  28 
 5  18  17  16  5  6 
 7  19  20  10  8  9  7  15 
 4  8  3  1  9 
 4  23  14  13  22 
 5  16  15  7  4  5 
 6  25  24  19  15  16  17 
 6  27  28  21  20  19  24 
 4  22  13  12  11 
 4  26  25  17  18 
 4  33  32  30  31  
 100
 100
 100
 100
 100
 100
 100
 100
 100
 100
 100
 100
 100
 100
 100
 100
