File created by Karolinne Coelho
510 256
1.00000000034991	1.00000000033757
0.861958154525598	1.00000000029251
0.716027109677571	1.00000000029251
1.00000000027308	0.868331155487722
0.898770366495203	0.857453530831919
0.855633947712978	0.898036371814007
0.7635179300681	0.867681818305759
0.714385551992855	0.903351823983966
0.639917308559904	0.869019954485246
0.570294363627682	0.919772019163888
0.573040592759365	1.00000000025528
0.874697232569678	0.76353944581788
0.927433224910572	0.714545782126336
1.00000000027308	0.714832636020432
0.761769794515741	0.769732383162116
0.798440359501434	0.747456054497686
0.579885312047842	0.767456667668505
0.696574966399023	0.74767253023773
0.62885596156086	0.790030443913807
0.497596525605194	0.814994733598061
0.502351457260358	0.874460803257305
0.422483825912322	0.930401652541859
0.422100543976777	1.00000000025528
1.00000000033245	0.56838537362568
1.00000000033245	0.45210522763797
0.449590264534917	0.781357672878383
0.444939601073855	0.71378180877915
0.56036581559134	0.683317156821775
0.509090130861842	0.664440707166607
0.799943476119853	0.629580386349555
0.88905660301648	0.579051878137135
0.868797331497279	0.609549508605541
0.756293232825016	0.60882747548469
0.678190286275157	0.651160800588353
0.63235471307841	0.633489334704312
1.00000000030512	0.327080753728828
0.269995526049561	1.00000000032563
0.150831389785977	1.00000000022482
0.361539547702651	0.820818440089194
0.357228500732532	0.872975038383747
0.277711008719524	0.916426539354005
0.318547727968732	0.776807656487195
0.133578187756823	0.893214004628523
0.0135975585848922	0.924496325418362
0.00751752044309806	1.00000000028012
0.855026402337216	0.474975735423358
0.877014807942417	0.328797524137194
0.885074489465009	0.445431251852693
0.365719767600127	0.672846896365819
0.340933170163928	0.682867000371237
0.397829066097993	0.578008917845785
0.488375647982522	0.593855159460066
0.60980854731965	0.552065281022276
0.532336803679469	0.537620327521348
0.784456185849133	0.470448056752764
0.738609006566491	0.515850609473403
0.656531980144041	0.5015670165361
1.00000000031454	0.204845410047867
1.00000000031454	0.0778059338345274
0.866752012110732	0.319309350479171
0.891488400133113	0.206465703451838
0.140853219454195	0.877852418054988
0.210343156315838	0.856248523225545
0.23552774580013	0.786896285274091
0.198133907700821	0.729039693350521
0.26200756159568	0.646629816029675
0.249845772779736	0.610910919741655
0.0852607667209985	0.795867912120974
-0.127006975480188	1.00000000028012
-0.0268768718328381	0.86647620007271
-0.0246721180652342	0.852994819670549
-0.126429427947505	0.912452251519235
1.00000000031305	-0.856870967390331
1.00000000031305	-1.00000000035218
0.745392560873958	0.373299452441455
0.79072028322154	0.319117385827191
0.304374136881893	0.534631616565213
0.381586923874903	0.550469759625637
0.507789142543592	0.474113154473191
0.426058875716382	0.461312194172153
0.552176121068621	0.411477541897128
0.630624096019659	0.419045052140416
0.671060836701378	0.371045660313166
0.278539658368487	0.481161902703388
1.00000000034821	-0.0571893767287247
1.00000000034821	-0.178225902771632
0.85823899819652	0.168044959449191
0.895206506191459	0.0774650675148516
0.857155421045326	0.0228335181398736
0.893405174947049	-0.0514147108981371
0.744274683678653	0.231214251344408
0.787538323540421	0.169466273945764
-0.269239493877878	1.00000000029266
0.140908333961582	0.718430895757138
0.0887941979231586	0.761379536073518
0.167058106207432	0.580691882432026
0.118393034987836	0.632362572149052
0.156569692695688	0.530711914859959
0.212778535798243	0.466135583425124
-0.0621504835532018	0.778747393092549
0.00128629601937773	0.708056396931235
-0.182033692760944	0.864026615976991
-0.268292752237666	0.913199356468237
-0.181323766194348	0.824416130761615
-0.112834729219542	0.765647385135608
-0.413261589761979	1.00000000032977
-0.551442765292088	1.00000000032977
-0.558099280455862	0.925935733917928
-0.709647871163016	1.00000000029024
-0.853112125210524	1.00000000029024
-1.00000000037264	1.0000000002894
1.00000000031093	-0.566261697805831
1.00000000027504	-0.703813936170696
1.00000000033532	-0.439644125462962
1.00000000032469	-0.308562889896845
0.903634669285991	-0.708642947364137
0.870088598194581	-0.761452704901296
0.91462961701679	-0.85261986346559
0.866314838124596	-0.901799343706012
0.875112168995972	-1.00000000029068
0.668542498505842	0.232929437657333
0.633011551489695	0.277799852919403
0.332476804862942	0.405961192188176
0.40057744864894	0.41700873825774
0.448644911722043	0.336928617020369
0.518668055204694	0.342048960198506
0.562734478210468	0.279429729754956
0.300816540270759	0.349122419313684
0.185933700604049	0.402956830393341
0.240000736721893	0.340305090140587
0.131361292489241	0.390693762954226
0.896646803796029	-0.30871712549571
0.845550240290672	-0.127612481782658
0.872255588480769	-0.183096095446785
0.854714355345927	-0.232434227929545
0.771977403943555	-0.112066226625663
0.779957706796851	0.0245746169174777
0.740868450298665	0.0914056322375907
0.738769962696409	-0.0418736646604186
0.660789236959435	0.0956484089163306
0.629724338730894	0.136830531314775
-0.407573593975189	0.893381077359531
-0.327506111623235	0.866651532253767
-0.00476223314364221	0.666607444651222
0.0377429250301221	0.616860214915604
0.021004391049841	0.546534001461825
0.0708053194242039	0.492124801612226
0.066533510382223	0.456456681488106
-0.0991451406476202	0.634934522380432
-0.140484009832556	0.691264804924874
-0.311918039635505	0.775741133725283
-0.258168606014911	0.760717285863458
-0.223613919147732	0.684675277801879
-0.462539034944841	0.849342716543958
-0.494705701581367	0.853153891710908
-0.705914400069009	0.909979628553968
-0.647431322666956	0.874734602299379
-0.572871374564219	0.774678317311907
-0.635816968601853	0.800657032436086
-0.771668323271087	0.867006870244998
-0.853224685782709	0.901967630267372
-0.889669807751227	0.873748883780085
-1.00000000037264	0.89510276367411
0.857226800634536	-0.626526845267713
0.851606708595049	-0.489198055490503
0.878746178184209	-0.437428359935888
0.89012596700677	-0.57024893528092
0.855632418523654	-0.377184783399318
0.78264063398502	-0.633669926576003
0.742249210810487	-0.716636651439339
0.787646076178366	-0.77016166519625
0.758619473283436	-0.867060221710562
0.742074930303026	-0.876875557173359
0.73451212579534	-1.00000000032942
0.511803108679519	0.195673784081108
0.549432833497464	0.141097397674933
0.351496782011072	0.274001936080634
0.410790394564149	0.27828877298792
0.460327358683389	0.200904390684707
0.314156935254675	0.218457282539312
0.20598319935013	0.270746250600625
0.248466271153174	0.214014113816392
0.142249724109253	0.266326567402437
0.0993746053545465	0.323189971190548
-0.0112835770327293	0.401332699694445
0.0384320155162222	0.31865238019623
0.746489071837273	-0.263657165963481
0.75924508510989	-0.357790237797067
0.705587114232232	-0.23362129639196
0.70009015053398	-0.190758074670388
0.621826217900541	-0.00448491253865035
0.621789022571848	-0.133354331226386
0.647754676243992	-0.0380298442309061
0.542785386598116	0.00135477332034205
0.506605316131033	0.0545189610467785
-0.368805423070881	0.734279046960854
-0.425643726028914	0.752537806558523
-0.0600311704506443	0.526198515283556
-0.110352357954452	0.587578186381957
-0.0339630868165751	0.40512537501842
-0.0765821116583785	0.469474597908551
-0.258502443986732	0.620977623675691
-0.18679032394745	0.560056112434421
-0.357752317482643	0.65678234648312
-0.281860950760508	0.614544146145856
-0.548528633356321	0.705115621953228
-0.50540302478474	0.691444858242892
-0.705992360043329	0.747832978425399
-0.766705647561908	0.779712961524217
-0.614355856008646	0.651736811103265
-0.695553876662344	0.682197465874671
-0.845227011653829	0.740563089341206
-0.891348480090736	0.77609726520155
-1.00000000040087	0.749328157502111
0.708111087351175	-0.410024319758806
0.725075839166504	-0.5606793813737
0.755638646528542	-0.500087823205872
0.664090923373139	-0.406847437981306
0.663169685974919	-0.573074259561995
0.672626276573357	-0.720314047852231
0.630087222905615	-0.65173855859292
0.636481195274992	-0.777281465540103
0.662339325879469	-0.855600303530732
0.60642757947011	-0.907224117667995
0.612555329643511	-1.00000000028493
0.388257795364273	0.12414828785791
0.426641833815552	0.0588252133788308
0.362344125910592	0.130460058561552
0.275061153033994	0.0779628717329967
0.215536692614031	0.144922173713246
0.153467392303551	0.134659288024502
0.107370568818978	0.197811443897351
0.0396263059108442	0.193634424874602
0.000921766988101036	0.263618271459551
-0.0674690310238494	0.265334133096874
-0.0956800558255706	0.340326561965767
0.599944343516346	-0.299690429479812
0.597320957146089	-0.31509472649092
0.533806108530694	-0.214297928581002
0.552112311346821	-0.154800397214053
0.493994048237337	-0.0879628861035809
0.387531543009466	-0.0124551632492002
0.432999385955692	-0.0893098611723428
-0.465815483596864	0.605678049319955
-0.43783362760735	0.598052118629937
-0.202643755080987	0.475193593918021
-0.171188113437384	0.356547099722297
-0.17424911242585	0.449878326708718
-0.278555913818222	0.464446077945553
-0.323146611625229	0.522195962849381
-0.395265360114296	0.520011705590236
-0.546197653509415	0.543326658685178
-0.601921816281566	0.559385625827396
-0.643911916188617	0.531839398809826
-0.752231239217181	0.623748207699117
-0.848054806782627	0.660084275670168
-0.74248588154731	0.570945575812963
-0.873144288368941	0.640474185212569
-1.00000000040087	0.66677701096784
0.585140909196295	-0.501708408833195
0.499908448021487	-0.375628466695089
0.505341633289857	-0.435907489864985
0.531166329837403	-0.655761070881957
0.505056578697704	-0.593228856739383
0.505606588872094	-0.709539186470067
0.541070873942059	-0.774050780835273
0.500606350771812	-0.864447860975248
0.491304065158118	-0.868846201117588
0.473079184517959	-1.00000000036787
0.302495365296111	-0.0150094601269672
0.267548177535133	0.0317379231947167
0.16670869568138	0.00832385993671317
0.124875886799935	0.0743389053099856
0.00600754586055702	0.138619972603712
0.046426398824772	0.0666251527159602
-0.103177552218964	0.221808660180545
-0.0690617279941965	0.135523796499316
-0.201324965256901	0.331173708194786
-0.179495828053007	0.223877457089312
0.435600857341618	-0.246632321580785
0.390635926598938	-0.147196095801961
0.44441841640982	-0.338872156874111
0.412525798240691	-0.231060888630503
0.273075233071881	-0.104462130031482
0.290077853120697	-0.132026460358863
-0.511123882770857	0.457734414019327
-0.432193461764431	0.456577660966062
-0.309385162416884	0.397814518222492
-0.276051294474536	0.336262569769894
-0.397202233757224	0.397053880863719
-0.313272336400796	0.278366204391127
-0.550193173592396	0.4043787492588
-0.614941334031212	0.398283877421452
-0.659010614080733	0.446328912106379
-0.793560858276764	0.505076480771662
-0.746760809958811	0.430595194976631
-0.858103189202314	0.505722346061824
-0.888432664298796	0.54214276502367
-1.00000000031767	0.53625953412605
0.428860261566039	-0.566360628164586
0.415229348672604	-0.498031059940705
0.355698400480152	-0.384362160832914
0.36072268082182	-0.463573545429679
0.371653293734843	-0.622237060247047
0.392264308355955	-0.723767844466394
0.413489023145799	-0.845660491886923
0.357299817954958	-0.88209228476418
0.364941119055965	-1.00000000036787
0.172340411222836	-0.0965971021782825
0.146133800178776	-0.051158676062445
0.0145337331213042	0.00830304497883044
0.0505151405060075	-0.0540067763097244
-0.0640272156017377	0.00621567682438381
-0.099845582955229	0.0946809496647879
-0.182013809661753	0.0923326871037646
-0.20944752697246	0.195179278901686
-0.277005510774389	0.1989875586016
0.297234427195882	-0.343184445981059
0.258486414895406	-0.229582274376143
0.299565767451328	-0.272801540452053
0.185285504166637	-0.234537742892964
0.140816818040431	-0.174339654286145
-0.496047729856529	0.315258595606291
-0.432831659450361	0.318725915936162
-0.395585912209227	0.275170173409884
-0.419705328635558	0.173102334955058
-0.317890866828869	0.153091873860253
-0.539104340079338	0.258125773820556
-0.647942482867795	0.319736201744957
-0.602719489115075	0.255043549480283
-0.773374557226672	0.368209017490704
-0.73327985757568	0.310380415203312
-0.856673458502929	0.361510820938423
-0.894297203484389	0.420245023398628
-1.00000000031767	0.419262894104185
0.223609668999036	-0.380432454866094
0.270291310908971	-0.508678364491061
0.272559769927963	-0.59403738974597
0.219265657968036	-0.470244452622291
0.237257897270131	-1.00000000032187
0.242757624376784	-0.62098804860178
0.274481383376032	-0.753223449890669
0.245385240311483	-0.731114606218818
0.27764605964479	-0.854680505147176
0.236234729692023	-0.883844100196834
0.0166295325533907	-0.127382547543058
0.0571295785653181	-0.182226871822656
-0.0615759571655432	-0.129626048143971
-0.0976364037170653	-0.0373999800075825
-0.180672796246315	-0.0370015697856624
-0.204952253101097	0.0663227788262265
-0.300941847610635	0.0649819750684885
0.136561114188703	-0.329469393227728
0.026985796910037	-0.268896314898532
-0.436614889327971	0.161854390080225
-0.489658200922926	0.169250767237175
-0.420055370895766	0.0422871587886769
-0.314142277166064	0.0494220880395324
-0.567454092477865	0.101875033062935
-0.641788563833554	0.188888539737716
-0.576433395746423	0.103151400306273
-0.75867279210191	0.236736117970424
-0.691235997287282	0.180959666045996
-0.800422669475264	0.221765066862435
-0.889607071799046	0.29391994049864
-0.870761943751525	0.250684983739495
-1.00000000026987	0.303684854373838
0.109242235931333	-1.00000000032187
0.125194094177451	-0.499393889078146
0.0770150412428517	-0.423485492078698
0.106217678630753	-0.551906610737625
0.135685446438911	-0.606859760634056
0.128371484168871	-0.855191398517308
0.0973244906259968	-0.694426175893473
0.150196033627066	-0.753810422906195
-0.00068459420857394	-0.281094286024441
-0.0958384504492366	-0.171960756555222
-0.0761596458184795	-0.250621748468047
-0.188982390468508	-0.162542145963275
-0.298414190030623	-0.0591189451971323
-0.208332953076947	-0.0662808132446747
-0.00824596523330473	-0.418863594675671
-0.0237141504295468	-0.397596876399193
-0.51315764003584	0.0185059410530609
-0.435991215061169	0.0238143515904215
-0.325829032715258	-0.0842244357905305
-0.40621260654609	-0.0728031069972569
-0.545506591716494	-0.0351186152508326
-0.647887747466875	-0.0426320277892351
-0.658780203265597	0.043982163464047
-0.730766002146524	0.0833199033922114
-0.75975735921541	0.0755923282279318
-0.81932716774563	0.114676563511775
-0.875900588109293	0.103381447797687
-0.932951690465851	0.166837228395226
-1.00000000025864	0.167889407737576
0.0288738788252421	-0.84434691062318
-0.0066580203349078	-0.887982691208318
0.0173409238838907	-1.00000000039687
-0.0388538337869746	-0.514803204527034
-0.00545829367729393	-0.564041196844221
-0.0270510233104648	-0.633143338262531
0.0179815991182298	-0.704090855405046
-0.00861744880240721	-0.757987212162103
-0.152973744008832	-0.313421850505247
-0.127533146422349	-0.382306053264917
-0.194896892686721	-0.29757027892503
-0.22139993485541	-0.196624658338113
-0.313900528632488	-0.191922765297732
-0.322083971093715	-0.199733528329451
-0.137313549101575	-0.515768139104852
-0.171069574765923	-0.450100446199049
-0.505550020643843	-0.122899081105442
-0.461613777125549	-0.128922688110447
-0.421157055239084	-0.204185157749763
-0.561068739758294	-0.168157377528965
-0.655929241219229	-0.0534448488331991
-0.637880976603963	-0.14078098194458
-0.753500961467629	-0.0631208714910619
-0.791797066603484	-0.0206899176759917
-0.865906184296756	-0.0261092666195594
-0.908909129333911	0.0317987732619003
-1.00000000029441	0.0268864576560149
-0.110378262724029	-0.771629901205585
-0.131734979794573	-0.858016034053039
-0.108699415311496	-0.88542891667663
-0.124031467860022	-1.00000000026968
-0.137557834321405	-0.650296804748954
-0.173331390143841	-0.589257481135969
-0.155797821539495	-0.713148819011618
-0.263147952476765	-0.442232933894056
-0.281567568554335	-0.343148231459669
-0.319831645366753	-0.322919668097971
-0.383621697016786	-0.339185793921671
-0.450959372003768	-0.263119434717455
-0.272824022070444	-0.585370231117445
-0.286923293772769	-0.46770499064368
-0.516003532190238	-0.280518078843425
-0.556145966878249	-0.254155850238917
-0.703941744280904	-0.205292964284351
-0.635216236707736	-0.282139822380136
-0.730833242875295	-0.204987864139394
-0.778348146277243	-0.152093827659829
-0.86180753113898	-0.15845171535352
-0.900220350546267	-0.100243478782588
-1.00000000030562	-0.101960914982862
-0.254250192440654	-0.739233434620126
-0.251945108713757	-0.854207841392139
-0.235880388908459	-0.86679337792738
-0.23448565507868	-1.00000000034388
-0.290278869428125	-0.71421967824506
-0.30016727027297	-0.611195990955964
-0.406563532188569	-0.465461031572228
-0.423137347129929	-0.412942772534647
-0.522650603937759	-0.380001411362276
-0.421880310809795	-0.494959592810357
-0.383912152610877	-0.596859495460866
-0.577671802540956	-0.417222002207826
-0.656425581879045	-0.3464747403082
-0.725577439619987	-0.368508588142064
-0.783548659182937	-0.288597454565535
-0.853428307784028	-0.291989599975924
-0.892429763881856	-0.228198987339989
-1.00000000030562	-0.231855049345606
-0.388286992429206	-0.751777842801779
-0.38746364157588	-0.849847188591567
-0.355829698062077	-0.872968007018788
-0.356347762639193	-1.00000000034388
-0.445268575120576	-0.711103775466257
-0.449041312780151	-0.657352664134381
-0.585184593825346	-0.464635954580121
-0.516172741661238	-0.525271380920622
-0.529095110667413	-0.605570072870556
-0.644831406633258	-0.500603613238721
-0.750314542645211	-0.422867274466422
-0.732278709879573	-0.470643309402062
-0.859410879480419	-0.418128400755127
-0.887803140682134	-0.358168771054305
-1.00000000031522	-0.356015333511407
-0.529317230195719	-0.763740313327191
-0.525361572904303	-0.848464363431968
-0.480832504017895	-0.877417480694133
-0.480136208478197	-1.00000000034279
-0.602554891639228	-0.721286327056068
-0.601551737760448	-0.638328987783966
-0.649390814339456	-0.605180599802965
-0.733538262975405	-0.624820149153009
-0.782093838555657	-0.549236645575827
-0.856418791645159	-0.548763548343205
-0.892227945863157	-0.485766846103823
-1.00000000031522	-0.486173896424512
-0.669951684618268	-0.76374663373809
-0.612030890916415	-0.885754064958428
-0.659362355220854	-0.858538977560764
-0.606341044668734	-1.00000000030983
-0.760200996179783	-0.6819705580484
-0.7357928113569	-0.737518746537786
-0.861552941143805	-0.679340383088386
-0.893884026649721	-0.618304681930214
-1.0000000003034	-0.616026600679318
-0.821210990685457	-0.835876099741709
-0.741028091742544	-0.896424507641226
-0.749221250953598	-1.00000000030983
-0.836019735526038	-0.836284195469525
-0.894854478134112	-0.746810803974192
-1.0000000003034	-0.755833155091519
-0.880202200637303	-0.882464717692452
-0.868906238549236	-1.00000000036427
-1.0000000003608	-0.872724259978645
-1.0000000003106	-1.00000000030352
256
 6  415  410  409  386  387  414 
 6  146  147  98  96  97  145 
 6  279  276  235  236  247  278 
 5  174  120  119  172  173 
 6  125  126  81  79  80  124 
 5  156  157  108  107  109 
 5  163  162  161  110  111 
 6  43  62  63  41  37  38 
 6  313  311  275  274  277  314 
 5  391  390  361  360  363 
 4  299  298  258  259 
 6  50  49  27  26  39  42 
 4  510  508  507  509 
 6  287  290  288  249  250  251 
 6  448  449  425  424  430  447 
 6  318  302  282  280  283  320 
 6  275  273  231  232  233  274 
 6  199  198  146  145  144  149 
 5  225  174  173  223  224 
 5  66  50  42  64  65 
 7  476  474  471  458  459  460  475 
 5  506  505  498  499  500 
 5  263  221  219  260  264 
 6  284  285  281  243  242  270 
 6  20  17  19  9  10  21 
 6  211  210  206  158  159  208 
 6  233  232  183  184  186  234 
 6  352  351  315  316  317  327 
 5  300  264  260  262  301 
 5  230  229  228  180  182 
 5  41  40  22  23  37 
 6  384  385  357  355  356  359 
 6  202  203  199  149  150  153 
 6  429  428  402  401  400  411 
 6  343  342  305  304  338  341 
 6  425  426  398  397  404  424 
 5  455  454  434  435  438 
 5  61  58  36  47  60 
 6  177  178  125  124  123  128 
 6  481  482  466  465  469  480 
 6  353  336  318  320  319  321 
 6  412  411  400  382  383  406 
 5  319  320  283  281  285 
 6  241  240  192  193  191  194 
 6  19  18  15  7  8  9 
 7  201  200  185  148  147  146  198 
 5  8  7  6  2  3 
 5  133  134  86  85  90 
 6  311  312  310  272  273  275 
 6  466  467  448  447  451  465 
 7  356  355  326  325  324  323  328 
 6  431  412  406  405  407  432 
 6  277  274  233  234  235  276 
 6  445  444  443  419  420  421 
 5  473  470  457  456  472 
 6  52  54  53  35  28  29 
 6  338  304  300  301  303  337 
 6  484  480  469  470  473  485 
 6  169  164  167  165  217  216 
 6  469  465  451  452  457  470 
 5  161  160  156  109  110 
 6  138  137  89  88  87  92 
 6  250  249  246  203  202  205 
 6  418  416  413  388  389  417 
 6  273  272  271  229  230  231 
 5  32  31  24  14  13 
 6  239  237  189  190  192  240 
 6  486  485  473  472  471  474 
 6  380  381  350  351  352  358 
 5  464  463  444  445  446 
 7  56  55  46  31  32  30  33 
 6  243  241  194  195  227  242 
 5  344  307  306  305  342 
 5  51  52  29  27  49 
 4  44  43  38  45 
 6  413  414  387  385  384  388 
 6  266  222  220  221  263  265 
 5  483  468  467  466  482 
 5  6  5  4  1  2 
 6  123  124  80  78  77  84 
 6  209  208  159  157  156  160 
 5  326  327  317  291  325 
 6  144  145  97  94  95  101 
 6  244  245  204  196  197  207 
 7  454  453  437  431  432  433  434 
 6  98  99  84  77  67  96 
 7  439  438  435  415  414  413  416 
 7  189  187  135  134  133  136  190 
 6  457  452  436  437  453  456 
 6  373  345  344  342  343  375 
 6  129  130  128  123  84  99 
 6  79  81  82  57  53  54 
 6  286  287  251  245  244  252 
 6  310  309  284  270  271  272 
 6  64  42  39  40  41  63 
 6  228  226  179  178  177  180 
 6  15  16  12  5  6  7 
 6  389  388  384  359  361  390 
 4  427  399  398  426 
 6  379  377  348  349  350  381 
 5  72  70  44  45  69 
 6  317  316  279  278  289  291 
 6  383  382  370  353  354  376 
 6  136  133  90  89  137  139 
 6  221  220  170  169  216  219 
 6  443  442  440  418  417  419 
 7  75  76  60  47  48  46  55 
 7  420  419  417  389  390  391  392 
 6  407  405  378  377  379  408 
 7  471  472  456  453  454  455  458 
 5  308  269  268  306  307 
 5  500  499  489  490  491 
 5  247  236  200  201  248 
 6  126  127  122  83  82  81 
 6  197  196  151  143  142  154 
 5  396  395  366  365  367 
 6  422  421  420  392  393  394 
 5  10  9  8  3  11 
 6  181  182  180  177  128  130 
 6  393  392  391  363  362  364 
 6  303  301  262  261  282  302 
 5  172  119  118  117  171 
 5  406  383  376  378  405 
 4  368  340  345  373 
 7  95  94  65  64  63  62  68 
 5  495  483  482  481  493 
 6  387  386  380  358  357  385 
 6  97  96  67  66  65  94 
 6  402  403  374  372  371  401 
 5  354  353  321  322  347 
 7  496  497  492  484  485  486  487 
 7  218  215  188  187  189  237  238 
 6  331  332  329  293  294  296 
 5  423  422  394  395  396 
 6  323  324  290  287  286  292 
 5  441  439  416  418  440 
 5  116  113  112  167  164 
 5  30  32  13  12  16 
 5  340  308  307  344  345 
 5  487  486  474  476  488 
 6  34  33  30  16  15  18 
 5  296  294  254  257  295 
 7  283  280  239  240  241  243  281 
 6  490  489  488  476  475  477 
 7  298  297  295  257  255  256  258 
 6  397  373  375  374  403  404 
 5  168  166  114  115  132 
 7  366  364  362  332  331  333  365 
 5  118  73  113  116  117 
 5  468  450  449  448  467 
 5  267  224  223  222  266 
 6  322  321  319  285  284  309 
 6  334  333  331  296  295  297 
 6  494  493  481  480  484  492 
 6  329  330  328  323  292  293 
 6  400  401  371  369  370  382 
 7  294  293  292  286  252  253  254 
 6  232  231  230  182  181  183 
 6  346  347  322  309  310  312 
 6  150  149  144  101  100  105 
 4  47  36  25  48 
 5  367  365  333  334  335 
 6  39  26  20  21  22  40 
 6  195  194  191  140  141  176 
 6  504  501  497  496  498  505 
 5  370  369  339  336  353 
 5  251  250  205  204  245 
 6  155  154  142  106  107  108 
 5  90  85  59  88  89 
 7  104  105  100  71  70  72  102 
 6  170  171  117  116  164  169 
 6  409  408  379  381  380  386 
 6  461  460  459  441  440  442 
 5  501  502  494  492  497 
 7  271  270  242  227  226  228  229 
 6  436  429  411  412  431  437 
 6  235  234  186  185  200  236 
 6  433  432  407  408  409  410 
 6  430  424  404  403  402  428 
 6  175  176  141  121  122  127 
 5  186  184  131  148  185 
 6  478  477  475  460  461  462 
 6  191  193  139  137  138  140 
 5  100  101  95  68  71 
 5  262  260  218  238  261 
 6  362  363  360  330  329  332 
 5  335  334  297  298  299 
 6  206  207  197  154  155  158 
 6  315  314  277  276  279  316 
 5  103  102  72  69  93 
 4  214  213  162  163 
 6  148  131  129  99  98  147 
 6  70  71  68  62  43  44 
 5  192  190  136  139  193 
 6  53  57  56  33  34  35 
 6  253  252  244  207  206  210 
 6  27  29  28  17  20  26 
 6  260  219  216  217  215  218 
 6  339  337  303  302  318  336 
 6  91  92  87  61  60  76 
 7  371  372  341  338  337  339  369 
 6  80  79  54  52  51  78 
 6  184  183  181  130  129  131 
 5  159  158  155  108  157 
 5  269  225  224  267  268 
 7  288  289  278  247  248  246  249 
 5  509  507  504  505  506 
 5  399  368  373  397  398 
 5  22  21  10  11  23 
 5  446  445  421  422  423 
 6  256  255  211  208  209  212 
 7  451  447  430  428  429  436  452 
 7  77  78  51  49  50  66  67 
 6  357  358  352  327  326  355 
 5  120  74  73  118  119 
 6  179  175  127  126  125  178 
 6  226  227  195  176  175  179 
 7  223  173  172  171  170  220  222 
 7  378  376  354  347  346  348  377 
 5  503  495  493  494  502 
 5  479  478  462  463  464 
 6  324  325  291  289  288  290 
 5  395  394  393  364  366 
 5  434  433  410  415  435 
 5  88  59  58  61  87 
 6  122  121  91  76  75  83 
 5  188  168  132  135  187 
 6  257  254  253  210  211  255 
 6  259  258  256  212  213  214 
 5  450  427  426  425  449 
 5  153  150  105  104  152 
 6  508  503  502  501  504  507 
 7  204  205  202  153  152  151  196 
 5  491  490  477  478  479 
 6  361  359  356  328  330  360 
 6  463  462  461  442  443  444 
 6  282  261  238  237  239  280 
 6  28  35  34  18  19  17 
 6  459  458  455  438  439  441 
 6  350  349  313  314  315  351 
 6  213  212  209  160  161  162 
 5  142  143  103  93  106 
 5  167  112  114  166  165 
 6  141  140  138  92  91  121 
 5  46  48  25  24  31 
 6  306  268  267  266  265  305 
 6  348  346  312  311  313  349 
 5  12  13  14  4  5 
 5  132  115  86  134  135 
 6  246  248  201  198  199  203 
 6  499  498  496  487  488  489 
 5  374  375  343  341  372 
 6  151  152  104  102  103  143 
 6  217  165  166  168  188  215 
 6  305  265  263  264  300  304 
 6  82  83  75  55  56  57  
100 
100 
100 
100 
100 
100 
100 
100 
100 
100 
100 
100 
100 
100 
100 
100 
100 
100 
100 
100 
100 
100 
100 
100 
100 
100 
100 
100 
100 
100 
100 
100 
100 
100 
100 
100 
100 
100 
100 
100 
100 
100 
100 
100 
100 
100 
100 
100 
100 
100 
100 
100 
100 
100 
100 
100 
100 
100 
100 
100 
100 
100 
100 
100 
100 
100 
100 
100 
100 
100 
100 
100 
100 
100 
100 
100 
100 
100 
100 
100 
100 
100 
100 
100 
100 
100 
100 
100 
100 
100 
100 
100 
100 
100 
100 
100 
100 
100 
100 
100 
100 
100 
100 
100 
100 
100 
100 
100 
100 
100 
100 
100 
100 
100 
100 
100 
100 
100 
100 
100 
100 
100 
100 
100 
100 
100 
100 
100 
100 
100 
100 
100 
100 
100 
100 
100 
100 
100 
100 
100 
100 
100 
100 
100 
100 
100 
100 
100 
100 
100 
100 
100 
100 
100 
100 
100 
100 
100 
100 
100 
100 
100 
100 
100 
100 
100 
100 
100 
100 
100 
100 
100 
100 
100 
100 
100 
100 
100 
100 
100 
100 
100 
100 
100 
100 
100 
100 
100 
100 
100 
100 
100 
100 
100 
100 
100 
100 
100 
100 
100 
100 
100 
100 
100 
100 
100 
100 
100 
100 
100 
100 
100 
100 
100 
100 
100 
100 
100 
100 
100 
100 
100 
100 
100 
100 
100 
100 
100 
100 
100 
100 
100 
100 
100 
100 
100 
100 
100 
100 
100 
100 
100 
100 
100 
100 
100 
100 
100 
100 
100 
100 
100 
100 
100 
100 
100